[{"id": 0, "img_name": "images/00/000000", "width": 512, "height": 512, "position": [-0.07252181156918755, -2.5829133985472437, -1.8017286897365883], "rotation": [[-0.9933276668436885, -0.08618692990307833, 0.07250309980151286], [0.09351283894459166, -0.2808105134566649, 0.9555841354673741], [-0.06196923059003299, 0.9560261299795703, 0.2864004440520867]], "fy": 537.7115, "fx": 537.1405}, {"id": 1, "img_name": "images/01/000000", "width": 512, "height": 512, "position": [-0.7241693218010932, -2.347395721303646, -1.898758210120705], "rotation": [[-0.8325071312565664, -0.3202031253416627, 0.45145256538484146], [0.5352871292222064, -0.25645542537355365, 0.8049301825720371], [-0.14185172908028112, 0.9121517664419279, 0.3843497233131477]], "fy": 539.1425000000002, "fx": 538.125}, {"id": 2, "img_name": "images/02/000000", "width": 512, "height": 512, "position": [-1.2937984366967128, -2.0324550973740183, -1.9376584430139407], "rotation": [[-0.7452516792216405, -0.26132251102153764, 0.6131110471843964], [0.6657854537163236, -0.25777660852907297, 0.7004832849042241], [-0.025165405023390295, 0.9306948776681795, 0.36564106186614304]], "fy": 539.263, "fx": 537.6245000000001}, {"id": 3, "img_name": "images/03/000000", "width": 512, "height": 512, "position": [-1.6850554425252564, -1.5286769607710935, -1.8390892597339488], "rotation": [[-0.6517274320560124, -0.37393415150239256, 0.6599943572561933], [0.7515333831576286, -0.20387683180826002, 0.6272025872034741], [-0.09920610164943243, 0.9048968925974834, 0.4134002464597445]], "fy": 513.9355, "fx": 513.328}, {"id": 4, "img_name": "images/05/000000", "width": 512, "height": 512, "position": [-2.509007215362902, -0.025750038314319094, -1.8316748914018792], "rotation": [[-0.2404230337855132, -0.3246470140440895, 0.9142598571512155], [0.9709312935646548, -0.06510393024153308, 0.23260728351976342], [-0.015918381248505527, 0.943069878146156, 0.3307774650454763]], "fy": 548.4149999999998, "fx": 546.0664999999999}, {"id": 5, "img_name": "images/06/000000", "width": 512, "height": 512, "position": [-2.3374202356376768, 0.8787033406095667, -1.862817382540135], "rotation": [[0.12046150599914375, -0.2858711560909773, 0.9503527535626534], [0.9896588879306936, 0.10775798729240274, -0.09247137979606315], [-0.07608316090415944, 0.9523140616915976, 0.29599558459757735]], "fy": 523.8145, "fx": 522.5855}, {"id": 6, "img_name": "images/07/000000", "width": 512, "height": 512, "position": [-2.2172748283437014, 1.4548083687780493, -1.9240064636006262], "rotation": [[0.49919604453024746, -0.24796477346580117, 0.8306095300721541], [0.8627534266804998, 0.23060612915407852, -0.44978751793175653], [-0.07931208192668822, 0.9409833437566878, 0.32884409413623616]], "fy": 536.7585, "fx": 534.164}, {"id": 7, "img_name": "images/08/000000", "width": 512, "height": 512, "position": [-1.8882886410744193, 2.01335947337078, -1.902374723982317], "rotation": [[0.6387679379327792, -0.2731675595706516, 0.7194054852547512], [0.7688461556732042, 0.19758655816667403, -0.6082775564613012], [0.024358081177499966, 0.9420836389780842, 0.3360556600397699]], "fy": 537.8534999999999, "fx": 535.9995}, {"id": 8, "img_name": "images/09/000000", "width": 512, "height": 512, "position": [-1.4199526472531165, 2.5496485673039033, -1.8567065536897547], "rotation": [[0.6537509086068412, -0.30953652265838444, 0.6905127853192962], [0.7528520999305627, 0.16540043158347215, -0.6372478834497556], [0.0838057533969849, 0.9367015029536623, 0.34103083783994814]], "fy": 548.541, "fx": 546.1924999999999}, {"id": 9, "img_name": "images/10/000000", "width": 512, "height": 512, "position": [-0.8701889721834005, 2.894149834748931, -1.8477689589298931], "rotation": [[0.9374938059479307, -0.0736856163861084, 0.34051486279828963], [0.3449476444617909, 0.34744064647159556, -0.8724496628205278], [-0.05382063207282836, 0.9347437006008387, 0.3507359709580711]], "fy": 547.244, "fx": 543.9945}, {"id": 10, "img_name": "images/11/000000", "width": 512, "height": 512, "position": [0.10020032796869206, 3.156570746972058, -1.9627423861610522], "rotation": [[0.9811978057972819, -0.018741868189421106, 0.19013895305084005], [0.1825181934135194, 0.378737752579177, -0.9074504546613205], [-0.05568955113445707, 0.925536257454143, 0.3755094307800601]], "fy": 555.3395, "fx": 554.596}, {"id": 11, "img_name": "images/12/000000", "width": 512, "height": 512, "position": [0.7562380440124156, 3.070725913627681, -1.9434494635016417], "rotation": [[0.9979413778471954, -0.06357053484546404, 0.007080173319242297], [0.02871875924406316, 0.35095515993814974, -0.9358780927816577], [0.05652036649861577, 0.934485862062575, 0.3521833634748116]], "fy": 543.7945000000001, "fx": 542.203}, {"id": 12, "img_name": "images/13/000000", "width": 512, "height": 512, "position": [1.5200914010811795, 2.818330728569409, -1.9059647824724824], "rotation": [[0.9284991553129839, 0.1187568485604345, -0.35125988528645663], [-0.3703191822650204, 0.2819800602898169, -0.8845324591159993], [-0.005978015652567564, 0.9517516575202629, 0.30685148348625646]], "fy": 535.621, "fx": 533.897}, {"id": 13, "img_name": "images/14/000000", "width": 512, "height": 512, "position": [2.402732650467023, 2.374254606501055, -1.8322830100227645], "rotation": [[0.7395036916496431, 0.22916968287710096, -0.6323655778837407], [-0.6723207030700954, 0.2755784054665856, -0.6862715093523262], [0.017378530181755707, 0.9340412676445511, 0.3582236376383909]], "fy": 546.632, "fx": 545.776}, {"id": 14, "img_name": "images/15/000000", "width": 512, "height": 512, "position": [2.7799241254914793, 1.7455163885147387, -1.8565244104877685], "rotation": [[0.5284762405995087, 0.2098860001352348, -0.822209719240492], [-0.8491919215622002, 0.13167038935354927, -0.5110460296855928], [0.0006035571514077521, 0.9683524897593365, 0.24865255591149854]], "fy": 530.1185, "fx": 528.543}, {"id": 15, "img_name": "images/16/000000", "width": 512, "height": 512, "position": [3.0269268115030648, 1.1596040465022446, -1.9251891908856247], "rotation": [[0.2910697095362189, 0.3668055214893365, -0.8841235426255649], [-0.9547526929851395, 0.05441604987134108, -0.29202983392513415], [-0.05948970718901487, 0.9283572733265457, 0.3662464490587078]], "fy": 538.0155, "fx": 535.1425}, {"id": 16, "img_name": "images/17/000000", "width": 512, "height": 512, "position": [3.1928730720478553, 0.15699183616648119, -1.9271129628351982], "rotation": [[0.016539063690170653, 0.446575703221938, -0.8944833646301372], [-0.9978165408297087, 0.0634873422959384, 0.013799206715880663], [0.062134400522346644, 0.8923040692031037, 0.44576733550049363]], "fy": 540.692, "fx": 537.79}, {"id": 17, "img_name": "images/18/000000", "width": 512, "height": 512, "position": [3.1268940253250426, -0.6744970039081934, -1.8650124803566204], "rotation": [[-0.27377195948143396, 0.38640539934568313, -0.880939581060312], [-0.9583298768704982, -0.028313132556514818, 0.2845575337330662], [0.0844733296427213, 0.9219375650850623, 0.3777601374919082]], "fy": 554.36, "fx": 549.3115}, {"id": 18, "img_name": "images/19/000000", "width": 512, "height": 512, "position": [2.7944013930436657, -1.143570417591135, -1.783290126482976], "rotation": [[-0.47275803065520616, 0.28185301646160643, -0.8346142525244485], [-0.8811811335203543, -0.15991442092753627, 0.4451530652138471], [-0.00810910858191182, 0.9460160063524536, 0.32408637383309724]], "fy": 528.841, "fx": 525.2930000000001}, {"id": 19, "img_name": "images/20/000000", "width": 512, "height": 512, "position": [2.24853853882493, -1.8916009157917817, -1.9447545282911505], "rotation": [[-0.7355656024412591, 0.26347634534889147, -0.6235031433191123], [-0.6747602951452933, -0.20919231435620614, 0.7073666766616946], [0.056437810360006474, 0.9413174640418743, 0.33168202256745205]], "fy": 549.608, "fx": 545.8605}, {"id": 20, "img_name": "images/21/000000", "width": 512, "height": 512, "position": [1.702770530176703, -2.1906198120695026, -1.9253473067868068], "rotation": [[-0.9132270276810281, 0.10054657897325692, -0.3951101753187908], [-0.40609428897930777, -0.31217096958563817, 0.8588223238226798], [-0.036471416260063685, 0.9443888391671769, 0.32577639443372913]], "fy": 534.842, "fx": 534.547}, {"id": 21, "img_name": "images/22/000000", "width": 512, "height": 512, "position": [1.1085502216886944, -2.465600285721923, -1.9154952302727017], "rotation": [[-0.9614310425736639, 0.1457159868699388, -0.23414629916110274], [-0.2693216431361152, -0.31106402554894036, 0.9119775697592365], [0.06028743471823545, 0.9392806751557704, 0.33845621285691535]], "fy": 538.2885, "fx": 534.776}, {"id": 22, "img_name": "images/00/000030", "width": 512, "height": 512, "position": [-0.07252181156918755, -2.5829133985472437, -1.8017286897365883], "rotation": [[-0.9933276668436885, -0.08618692990307833, 0.07250309980151286], [0.09351283894459166, -0.2808105134566649, 0.9555841354673741], [-0.06196923059003299, 0.9560261299795703, 0.2864004440520867]], "fy": 537.7115, "fx": 537.1405}, {"id": 23, "img_name": "images/01/000030", "width": 512, "height": 512, "position": [-0.7241693218010932, -2.347395721303646, -1.898758210120705], "rotation": [[-0.8325071312565664, -0.3202031253416627, 0.45145256538484146], [0.5352871292222064, -0.25645542537355365, 0.8049301825720371], [-0.14185172908028112, 0.9121517664419279, 0.3843497233131477]], "fy": 539.1425000000002, "fx": 538.125}, {"id": 24, "img_name": "images/02/000030", "width": 512, "height": 512, "position": [-1.2937984366967128, -2.0324550973740183, -1.9376584430139407], "rotation": [[-0.7452516792216405, -0.26132251102153764, 0.6131110471843964], [0.6657854537163236, -0.25777660852907297, 0.7004832849042241], [-0.025165405023390295, 0.9306948776681795, 0.36564106186614304]], "fy": 539.263, "fx": 537.6245000000001}, {"id": 25, "img_name": "images/03/000030", "width": 512, "height": 512, "position": [-1.6850554425252564, -1.5286769607710935, -1.8390892597339488], "rotation": [[-0.6517274320560124, -0.37393415150239256, 0.6599943572561933], [0.7515333831576286, -0.20387683180826002, 0.6272025872034741], [-0.09920610164943243, 0.9048968925974834, 0.4134002464597445]], "fy": 513.9355, "fx": 513.328}, {"id": 26, "img_name": "images/05/000030", "width": 512, "height": 512, "position": [-2.509007215362902, -0.025750038314319094, -1.8316748914018792], "rotation": [[-0.2404230337855132, -0.3246470140440895, 0.9142598571512155], [0.9709312935646548, -0.06510393024153308, 0.23260728351976342], [-0.015918381248505527, 0.943069878146156, 0.3307774650454763]], "fy": 548.4149999999998, "fx": 546.0664999999999}, {"id": 27, "img_name": "images/06/000030", "width": 512, "height": 512, "position": [-2.3374202356376768, 0.8787033406095667, -1.862817382540135], "rotation": [[0.12046150599914375, -0.2858711560909773, 0.9503527535626534], [0.9896588879306936, 0.10775798729240274, -0.09247137979606315], [-0.07608316090415944, 0.9523140616915976, 0.29599558459757735]], "fy": 523.8145, "fx": 522.5855}, {"id": 28, "img_name": "images/07/000030", "width": 512, "height": 512, "position": [-2.2172748283437014, 1.4548083687780493, -1.9240064636006262], "rotation": [[0.49919604453024746, -0.24796477346580117, 0.8306095300721541], [0.8627534266804998, 0.23060612915407852, -0.44978751793175653], [-0.07931208192668822, 0.9409833437566878, 0.32884409413623616]], "fy": 536.7585, "fx": 534.164}, {"id": 29, "img_name": "images/08/000030", "width": 512, "height": 512, "position": [-1.8882886410744193, 2.01335947337078, -1.902374723982317], "rotation": [[0.6387679379327792, -0.2731675595706516, 0.7194054852547512], [0.7688461556732042, 0.19758655816667403, -0.6082775564613012], [0.024358081177499966, 0.9420836389780842, 0.3360556600397699]], "fy": 537.8534999999999, "fx": 535.9995}, {"id": 30, "img_name": "images/09/000030", "width": 512, "height": 512, "position": [-1.4199526472531165, 2.5496485673039033, -1.8567065536897547], "rotation": [[0.6537509086068412, -0.30953652265838444, 0.6905127853192962], [0.7528520999305627, 0.16540043158347215, -0.6372478834497556], [0.0838057533969849, 0.9367015029536623, 0.34103083783994814]], "fy": 548.541, "fx": 546.1924999999999}, {"id": 31, "img_name": "images/10/000030", "width": 512, "height": 512, "position": [-0.8701889721834005, 2.894149834748931, -1.8477689589298931], "rotation": [[0.9374938059479307, -0.0736856163861084, 0.34051486279828963], [0.3449476444617909, 0.34744064647159556, -0.8724496628205278], [-0.05382063207282836, 0.9347437006008387, 0.3507359709580711]], "fy": 547.244, "fx": 543.9945}, {"id": 32, "img_name": "images/11/000030", "width": 512, "height": 512, "position": [0.10020032796869206, 3.156570746972058, -1.9627423861610522], "rotation": [[0.9811978057972819, -0.018741868189421106, 0.19013895305084005], [0.1825181934135194, 0.378737752579177, -0.9074504546613205], [-0.05568955113445707, 0.925536257454143, 0.3755094307800601]], "fy": 555.3395, "fx": 554.596}, {"id": 33, "img_name": "images/12/000030", "width": 512, "height": 512, "position": [0.7562380440124156, 3.070725913627681, -1.9434494635016417], "rotation": [[0.9979413778471954, -0.06357053484546404, 0.007080173319242297], [0.02871875924406316, 0.35095515993814974, -0.9358780927816577], [0.05652036649861577, 0.934485862062575, 0.3521833634748116]], "fy": 543.7945000000001, "fx": 542.203}, {"id": 34, "img_name": "images/13/000030", "width": 512, "height": 512, "position": [1.5200914010811795, 2.818330728569409, -1.9059647824724824], "rotation": [[0.9284991553129839, 0.1187568485604345, -0.35125988528645663], [-0.3703191822650204, 0.2819800602898169, -0.8845324591159993], [-0.005978015652567564, 0.9517516575202629, 0.30685148348625646]], "fy": 535.621, "fx": 533.897}, {"id": 35, "img_name": "images/14/000030", "width": 512, "height": 512, "position": [2.402732650467023, 2.374254606501055, -1.8322830100227645], "rotation": [[0.7395036916496431, 0.22916968287710096, -0.6323655778837407], [-0.6723207030700954, 0.2755784054665856, -0.6862715093523262], [0.017378530181755707, 0.9340412676445511, 0.3582236376383909]], "fy": 546.632, "fx": 545.776}, {"id": 36, "img_name": "images/15/000030", "width": 512, "height": 512, "position": [2.7799241254914793, 1.7455163885147387, -1.8565244104877685], "rotation": [[0.5284762405995087, 0.2098860001352348, -0.822209719240492], [-0.8491919215622002, 0.13167038935354927, -0.5110460296855928], [0.0006035571514077521, 0.9683524897593365, 0.24865255591149854]], "fy": 530.1185, "fx": 528.543}, {"id": 37, "img_name": "images/16/000030", "width": 512, "height": 512, "position": [3.0269268115030648, 1.1596040465022446, -1.9251891908856247], "rotation": [[0.2910697095362189, 0.3668055214893365, -0.8841235426255649], [-0.9547526929851395, 0.05441604987134108, -0.29202983392513415], [-0.05948970718901487, 0.9283572733265457, 0.3662464490587078]], "fy": 538.0155, "fx": 535.1425}, {"id": 38, "img_name": "images/17/000030", "width": 512, "height": 512, "position": [3.1928730720478553, 0.15699183616648119, -1.9271129628351982], "rotation": [[0.016539063690170653, 0.446575703221938, -0.8944833646301372], [-0.9978165408297087, 0.0634873422959384, 0.013799206715880663], [0.062134400522346644, 0.8923040692031037, 0.44576733550049363]], "fy": 540.692, "fx": 537.79}, {"id": 39, "img_name": "images/18/000030", "width": 512, "height": 512, "position": [3.1268940253250426, -0.6744970039081934, -1.8650124803566204], "rotation": [[-0.27377195948143396, 0.38640539934568313, -0.880939581060312], [-0.9583298768704982, -0.028313132556514818, 0.2845575337330662], [0.0844733296427213, 0.9219375650850623, 0.3777601374919082]], "fy": 554.36, "fx": 549.3115}, {"id": 40, "img_name": "images/19/000030", "width": 512, "height": 512, "position": [2.7944013930436657, -1.143570417591135, -1.783290126482976], "rotation": [[-0.47275803065520616, 0.28185301646160643, -0.8346142525244485], [-0.8811811335203543, -0.15991442092753627, 0.4451530652138471], [-0.00810910858191182, 0.9460160063524536, 0.32408637383309724]], "fy": 528.841, "fx": 525.2930000000001}, {"id": 41, "img_name": "images/20/000030", "width": 512, "height": 512, "position": [2.24853853882493, -1.8916009157917817, -1.9447545282911505], "rotation": [[-0.7355656024412591, 0.26347634534889147, -0.6235031433191123], [-0.6747602951452933, -0.20919231435620614, 0.7073666766616946], [0.056437810360006474, 0.9413174640418743, 0.33168202256745205]], "fy": 549.608, "fx": 545.8605}, {"id": 42, "img_name": "images/21/000030", "width": 512, "height": 512, "position": [1.702770530176703, -2.1906198120695026, -1.9253473067868068], "rotation": [[-0.9132270276810281, 0.10054657897325692, -0.3951101753187908], [-0.40609428897930777, -0.31217096958563817, 0.8588223238226798], [-0.036471416260063685, 0.9443888391671769, 0.32577639443372913]], "fy": 534.842, "fx": 534.547}, {"id": 43, "img_name": "images/22/000030", "width": 512, "height": 512, "position": [1.1085502216886944, -2.465600285721923, -1.9154952302727017], "rotation": [[-0.9614310425736639, 0.1457159868699388, -0.23414629916110274], [-0.2693216431361152, -0.31106402554894036, 0.9119775697592365], [0.06028743471823545, 0.9392806751557704, 0.33845621285691535]], "fy": 538.2885, "fx": 534.776}, {"id": 44, "img_name": "images/00/000060", "width": 512, "height": 512, "position": [-0.07252181156918755, -2.5829133985472437, -1.8017286897365883], "rotation": [[-0.9933276668436885, -0.08618692990307833, 0.07250309980151286], [0.09351283894459166, -0.2808105134566649, 0.9555841354673741], [-0.06196923059003299, 0.9560261299795703, 0.2864004440520867]], "fy": 537.7115, "fx": 537.1405}, {"id": 45, "img_name": "images/01/000060", "width": 512, "height": 512, "position": [-0.7241693218010932, -2.347395721303646, -1.898758210120705], "rotation": [[-0.8325071312565664, -0.3202031253416627, 0.45145256538484146], [0.5352871292222064, -0.25645542537355365, 0.8049301825720371], [-0.14185172908028112, 0.9121517664419279, 0.3843497233131477]], "fy": 539.1425000000002, "fx": 538.125}, {"id": 46, "img_name": "images/02/000060", "width": 512, "height": 512, "position": [-1.2937984366967128, -2.0324550973740183, -1.9376584430139407], "rotation": [[-0.7452516792216405, -0.26132251102153764, 0.6131110471843964], [0.6657854537163236, -0.25777660852907297, 0.7004832849042241], [-0.025165405023390295, 0.9306948776681795, 0.36564106186614304]], "fy": 539.263, "fx": 537.6245000000001}, {"id": 47, "img_name": "images/03/000060", "width": 512, "height": 512, "position": [-1.6850554425252564, -1.5286769607710935, -1.8390892597339488], "rotation": [[-0.6517274320560124, -0.37393415150239256, 0.6599943572561933], [0.7515333831576286, -0.20387683180826002, 0.6272025872034741], [-0.09920610164943243, 0.9048968925974834, 0.4134002464597445]], "fy": 513.9355, "fx": 513.328}, {"id": 48, "img_name": "images/05/000060", "width": 512, "height": 512, "position": [-2.509007215362902, -0.025750038314319094, -1.8316748914018792], "rotation": [[-0.2404230337855132, -0.3246470140440895, 0.9142598571512155], [0.9709312935646548, -0.06510393024153308, 0.23260728351976342], [-0.015918381248505527, 0.943069878146156, 0.3307774650454763]], "fy": 548.4149999999998, "fx": 546.0664999999999}, {"id": 49, "img_name": "images/06/000060", "width": 512, "height": 512, "position": [-2.3374202356376768, 0.8787033406095667, -1.862817382540135], "rotation": [[0.12046150599914375, -0.2858711560909773, 0.9503527535626534], [0.9896588879306936, 0.10775798729240274, -0.09247137979606315], [-0.07608316090415944, 0.9523140616915976, 0.29599558459757735]], "fy": 523.8145, "fx": 522.5855}, {"id": 50, "img_name": "images/07/000060", "width": 512, "height": 512, "position": [-2.2172748283437014, 1.4548083687780493, -1.9240064636006262], "rotation": [[0.49919604453024746, -0.24796477346580117, 0.8306095300721541], [0.8627534266804998, 0.23060612915407852, -0.44978751793175653], [-0.07931208192668822, 0.9409833437566878, 0.32884409413623616]], "fy": 536.7585, "fx": 534.164}, {"id": 51, "img_name": "images/08/000060", "width": 512, "height": 512, "position": [-1.8882886410744193, 2.01335947337078, -1.902374723982317], "rotation": [[0.6387679379327792, -0.2731675595706516, 0.7194054852547512], [0.7688461556732042, 0.19758655816667403, -0.6082775564613012], [0.024358081177499966, 0.9420836389780842, 0.3360556600397699]], "fy": 537.8534999999999, "fx": 535.9995}, {"id": 52, "img_name": "images/09/000060", "width": 512, "height": 512, "position": [-1.4199526472531165, 2.5496485673039033, -1.8567065536897547], "rotation": [[0.6537509086068412, -0.30953652265838444, 0.6905127853192962], [0.7528520999305627, 0.16540043158347215, -0.6372478834497556], [0.0838057533969849, 0.9367015029536623, 0.34103083783994814]], "fy": 548.541, "fx": 546.1924999999999}, {"id": 53, "img_name": "images/10/000060", "width": 512, "height": 512, "position": [-0.8701889721834005, 2.894149834748931, -1.8477689589298931], "rotation": [[0.9374938059479307, -0.0736856163861084, 0.34051486279828963], [0.3449476444617909, 0.34744064647159556, -0.8724496628205278], [-0.05382063207282836, 0.9347437006008387, 0.3507359709580711]], "fy": 547.244, "fx": 543.9945}, {"id": 54, "img_name": "images/11/000060", "width": 512, "height": 512, "position": [0.10020032796869206, 3.156570746972058, -1.9627423861610522], "rotation": [[0.9811978057972819, -0.018741868189421106, 0.19013895305084005], [0.1825181934135194, 0.378737752579177, -0.9074504546613205], [-0.05568955113445707, 0.925536257454143, 0.3755094307800601]], "fy": 555.3395, "fx": 554.596}, {"id": 55, "img_name": "images/12/000060", "width": 512, "height": 512, "position": [0.7562380440124156, 3.070725913627681, -1.9434494635016417], "rotation": [[0.9979413778471954, -0.06357053484546404, 0.007080173319242297], [0.02871875924406316, 0.35095515993814974, -0.9358780927816577], [0.05652036649861577, 0.934485862062575, 0.3521833634748116]], "fy": 543.7945000000001, "fx": 542.203}, {"id": 56, "img_name": "images/13/000060", "width": 512, "height": 512, "position": [1.5200914010811795, 2.818330728569409, -1.9059647824724824], "rotation": [[0.9284991553129839, 0.1187568485604345, -0.35125988528645663], [-0.3703191822650204, 0.2819800602898169, -0.8845324591159993], [-0.005978015652567564, 0.9517516575202629, 0.30685148348625646]], "fy": 535.621, "fx": 533.897}, {"id": 57, "img_name": "images/14/000060", "width": 512, "height": 512, "position": [2.402732650467023, 2.374254606501055, -1.8322830100227645], "rotation": [[0.7395036916496431, 0.22916968287710096, -0.6323655778837407], [-0.6723207030700954, 0.2755784054665856, -0.6862715093523262], [0.017378530181755707, 0.9340412676445511, 0.3582236376383909]], "fy": 546.632, "fx": 545.776}, {"id": 58, "img_name": "images/15/000060", "width": 512, "height": 512, "position": [2.7799241254914793, 1.7455163885147387, -1.8565244104877685], "rotation": [[0.5284762405995087, 0.2098860001352348, -0.822209719240492], [-0.8491919215622002, 0.13167038935354927, -0.5110460296855928], [0.0006035571514077521, 0.9683524897593365, 0.24865255591149854]], "fy": 530.1185, "fx": 528.543}, {"id": 59, "img_name": "images/16/000060", "width": 512, "height": 512, "position": [3.0269268115030648, 1.1596040465022446, -1.9251891908856247], "rotation": [[0.2910697095362189, 0.3668055214893365, -0.8841235426255649], [-0.9547526929851395, 0.05441604987134108, -0.29202983392513415], [-0.05948970718901487, 0.9283572733265457, 0.3662464490587078]], "fy": 538.0155, "fx": 535.1425}, {"id": 60, "img_name": "images/17/000060", "width": 512, "height": 512, "position": [3.1928730720478553, 0.15699183616648119, -1.9271129628351982], "rotation": [[0.016539063690170653, 0.446575703221938, -0.8944833646301372], [-0.9978165408297087, 0.0634873422959384, 0.013799206715880663], [0.062134400522346644, 0.8923040692031037, 0.44576733550049363]], "fy": 540.692, "fx": 537.79}, {"id": 61, "img_name": "images/18/000060", "width": 512, "height": 512, "position": [3.1268940253250426, -0.6744970039081934, -1.8650124803566204], "rotation": [[-0.27377195948143396, 0.38640539934568313, -0.880939581060312], [-0.9583298768704982, -0.028313132556514818, 0.2845575337330662], [0.0844733296427213, 0.9219375650850623, 0.3777601374919082]], "fy": 554.36, "fx": 549.3115}, {"id": 62, "img_name": "images/19/000060", "width": 512, "height": 512, "position": [2.7944013930436657, -1.143570417591135, -1.783290126482976], "rotation": [[-0.47275803065520616, 0.28185301646160643, -0.8346142525244485], [-0.8811811335203543, -0.15991442092753627, 0.4451530652138471], [-0.00810910858191182, 0.9460160063524536, 0.32408637383309724]], "fy": 528.841, "fx": 525.2930000000001}, {"id": 63, "img_name": "images/20/000060", "width": 512, "height": 512, "position": [2.24853853882493, -1.8916009157917817, -1.9447545282911505], "rotation": [[-0.7355656024412591, 0.26347634534889147, -0.6235031433191123], [-0.6747602951452933, -0.20919231435620614, 0.7073666766616946], [0.056437810360006474, 0.9413174640418743, 0.33168202256745205]], "fy": 549.608, "fx": 545.8605}, {"id": 64, "img_name": "images/21/000060", "width": 512, "height": 512, "position": [1.702770530176703, -2.1906198120695026, -1.9253473067868068], "rotation": [[-0.9132270276810281, 0.10054657897325692, -0.3951101753187908], [-0.40609428897930777, -0.31217096958563817, 0.8588223238226798], [-0.036471416260063685, 0.9443888391671769, 0.32577639443372913]], "fy": 534.842, "fx": 534.547}, {"id": 65, "img_name": "images/22/000060", "width": 512, "height": 512, "position": [1.1085502216886944, -2.465600285721923, -1.9154952302727017], "rotation": [[-0.9614310425736639, 0.1457159868699388, -0.23414629916110274], [-0.2693216431361152, -0.31106402554894036, 0.9119775697592365], [0.06028743471823545, 0.9392806751557704, 0.33845621285691535]], "fy": 538.2885, "fx": 534.776}, {"id": 66, "img_name": "images/00/000090", "width": 512, "height": 512, "position": [-0.07252181156918755, -2.5829133985472437, -1.8017286897365883], "rotation": [[-0.9933276668436885, -0.08618692990307833, 0.07250309980151286], [0.09351283894459166, -0.2808105134566649, 0.9555841354673741], [-0.06196923059003299, 0.9560261299795703, 0.2864004440520867]], "fy": 537.7115, "fx": 537.1405}, {"id": 67, "img_name": "images/01/000090", "width": 512, "height": 512, "position": [-0.7241693218010932, -2.347395721303646, -1.898758210120705], "rotation": [[-0.8325071312565664, -0.3202031253416627, 0.45145256538484146], [0.5352871292222064, -0.25645542537355365, 0.8049301825720371], [-0.14185172908028112, 0.9121517664419279, 0.3843497233131477]], "fy": 539.1425000000002, "fx": 538.125}, {"id": 68, "img_name": "images/02/000090", "width": 512, "height": 512, "position": [-1.2937984366967128, -2.0324550973740183, -1.9376584430139407], "rotation": [[-0.7452516792216405, -0.26132251102153764, 0.6131110471843964], [0.6657854537163236, -0.25777660852907297, 0.7004832849042241], [-0.025165405023390295, 0.9306948776681795, 0.36564106186614304]], "fy": 539.263, "fx": 537.6245000000001}, {"id": 69, "img_name": "images/03/000090", "width": 512, "height": 512, "position": [-1.6850554425252564, -1.5286769607710935, -1.8390892597339488], "rotation": [[-0.6517274320560124, -0.37393415150239256, 0.6599943572561933], [0.7515333831576286, -0.20387683180826002, 0.6272025872034741], [-0.09920610164943243, 0.9048968925974834, 0.4134002464597445]], "fy": 513.9355, "fx": 513.328}, {"id": 70, "img_name": "images/05/000090", "width": 512, "height": 512, "position": [-2.509007215362902, -0.025750038314319094, -1.8316748914018792], "rotation": [[-0.2404230337855132, -0.3246470140440895, 0.9142598571512155], [0.9709312935646548, -0.06510393024153308, 0.23260728351976342], [-0.015918381248505527, 0.943069878146156, 0.3307774650454763]], "fy": 548.4149999999998, "fx": 546.0664999999999}, {"id": 71, "img_name": "images/06/000090", "width": 512, "height": 512, "position": [-2.3374202356376768, 0.8787033406095667, -1.862817382540135], "rotation": [[0.12046150599914375, -0.2858711560909773, 0.9503527535626534], [0.9896588879306936, 0.10775798729240274, -0.09247137979606315], [-0.07608316090415944, 0.9523140616915976, 0.29599558459757735]], "fy": 523.8145, "fx": 522.5855}, {"id": 72, "img_name": "images/07/000090", "width": 512, "height": 512, "position": [-2.2172748283437014, 1.4548083687780493, -1.9240064636006262], "rotation": [[0.49919604453024746, -0.24796477346580117, 0.8306095300721541], [0.8627534266804998, 0.23060612915407852, -0.44978751793175653], [-0.07931208192668822, 0.9409833437566878, 0.32884409413623616]], "fy": 536.7585, "fx": 534.164}, {"id": 73, "img_name": "images/08/000090", "width": 512, "height": 512, "position": [-1.8882886410744193, 2.01335947337078, -1.902374723982317], "rotation": [[0.6387679379327792, -0.2731675595706516, 0.7194054852547512], [0.7688461556732042, 0.19758655816667403, -0.6082775564613012], [0.024358081177499966, 0.9420836389780842, 0.3360556600397699]], "fy": 537.8534999999999, "fx": 535.9995}, {"id": 74, "img_name": "images/09/000090", "width": 512, "height": 512, "position": [-1.4199526472531165, 2.5496485673039033, -1.8567065536897547], "rotation": [[0.6537509086068412, -0.30953652265838444, 0.6905127853192962], [0.7528520999305627, 0.16540043158347215, -0.6372478834497556], [0.0838057533969849, 0.9367015029536623, 0.34103083783994814]], "fy": 548.541, "fx": 546.1924999999999}, {"id": 75, "img_name": "images/10/000090", "width": 512, "height": 512, "position": [-0.8701889721834005, 2.894149834748931, -1.8477689589298931], "rotation": [[0.9374938059479307, -0.0736856163861084, 0.34051486279828963], [0.3449476444617909, 0.34744064647159556, -0.8724496628205278], [-0.05382063207282836, 0.9347437006008387, 0.3507359709580711]], "fy": 547.244, "fx": 543.9945}, {"id": 76, "img_name": "images/11/000090", "width": 512, "height": 512, "position": [0.10020032796869206, 3.156570746972058, -1.9627423861610522], "rotation": [[0.9811978057972819, -0.018741868189421106, 0.19013895305084005], [0.1825181934135194, 0.378737752579177, -0.9074504546613205], [-0.05568955113445707, 0.925536257454143, 0.3755094307800601]], "fy": 555.3395, "fx": 554.596}, {"id": 77, "img_name": "images/12/000090", "width": 512, "height": 512, "position": [0.7562380440124156, 3.070725913627681, -1.9434494635016417], "rotation": [[0.9979413778471954, -0.06357053484546404, 0.007080173319242297], [0.02871875924406316, 0.35095515993814974, -0.9358780927816577], [0.05652036649861577, 0.934485862062575, 0.3521833634748116]], "fy": 543.7945000000001, "fx": 542.203}, {"id": 78, "img_name": "images/13/000090", "width": 512, "height": 512, "position": [1.5200914010811795, 2.818330728569409, -1.9059647824724824], "rotation": [[0.9284991553129839, 0.1187568485604345, -0.35125988528645663], [-0.3703191822650204, 0.2819800602898169, -0.8845324591159993], [-0.005978015652567564, 0.9517516575202629, 0.30685148348625646]], "fy": 535.621, "fx": 533.897}, {"id": 79, "img_name": "images/14/000090", "width": 512, "height": 512, "position": [2.402732650467023, 2.374254606501055, -1.8322830100227645], "rotation": [[0.7395036916496431, 0.22916968287710096, -0.6323655778837407], [-0.6723207030700954, 0.2755784054665856, -0.6862715093523262], [0.017378530181755707, 0.9340412676445511, 0.3582236376383909]], "fy": 546.632, "fx": 545.776}, {"id": 80, "img_name": "images/15/000090", "width": 512, "height": 512, "position": [2.7799241254914793, 1.7455163885147387, -1.8565244104877685], "rotation": [[0.5284762405995087, 0.2098860001352348, -0.822209719240492], [-0.8491919215622002, 0.13167038935354927, -0.5110460296855928], [0.0006035571514077521, 0.9683524897593365, 0.24865255591149854]], "fy": 530.1185, "fx": 528.543}, {"id": 81, "img_name": "images/16/000090", "width": 512, "height": 512, "position": [3.0269268115030648, 1.1596040465022446, -1.9251891908856247], "rotation": [[0.2910697095362189, 0.3668055214893365, -0.8841235426255649], [-0.9547526929851395, 0.05441604987134108, -0.29202983392513415], [-0.05948970718901487, 0.9283572733265457, 0.3662464490587078]], "fy": 538.0155, "fx": 535.1425}, {"id": 82, "img_name": "images/17/000090", "width": 512, "height": 512, "position": [3.1928730720478553, 0.15699183616648119, -1.9271129628351982], "rotation": [[0.016539063690170653, 0.446575703221938, -0.8944833646301372], [-0.9978165408297087, 0.0634873422959384, 0.013799206715880663], [0.062134400522346644, 0.8923040692031037, 0.44576733550049363]], "fy": 540.692, "fx": 537.79}, {"id": 83, "img_name": "images/18/000090", "width": 512, "height": 512, "position": [3.1268940253250426, -0.6744970039081934, -1.8650124803566204], "rotation": [[-0.27377195948143396, 0.38640539934568313, -0.880939581060312], [-0.9583298768704982, -0.028313132556514818, 0.2845575337330662], [0.0844733296427213, 0.9219375650850623, 0.3777601374919082]], "fy": 554.36, "fx": 549.3115}, {"id": 84, "img_name": "images/19/000090", "width": 512, "height": 512, "position": [2.7944013930436657, -1.143570417591135, -1.783290126482976], "rotation": [[-0.47275803065520616, 0.28185301646160643, -0.8346142525244485], [-0.8811811335203543, -0.15991442092753627, 0.4451530652138471], [-0.00810910858191182, 0.9460160063524536, 0.32408637383309724]], "fy": 528.841, "fx": 525.2930000000001}, {"id": 85, "img_name": "images/20/000090", "width": 512, "height": 512, "position": [2.24853853882493, -1.8916009157917817, -1.9447545282911505], "rotation": [[-0.7355656024412591, 0.26347634534889147, -0.6235031433191123], [-0.6747602951452933, -0.20919231435620614, 0.7073666766616946], [0.056437810360006474, 0.9413174640418743, 0.33168202256745205]], "fy": 549.608, "fx": 545.8605}, {"id": 86, "img_name": "images/21/000090", "width": 512, "height": 512, "position": [1.702770530176703, -2.1906198120695026, -1.9253473067868068], "rotation": [[-0.9132270276810281, 0.10054657897325692, -0.3951101753187908], [-0.40609428897930777, -0.31217096958563817, 0.8588223238226798], [-0.036471416260063685, 0.9443888391671769, 0.32577639443372913]], "fy": 534.842, "fx": 534.547}, {"id": 87, "img_name": "images/22/000090", "width": 512, "height": 512, "position": [1.1085502216886944, -2.465600285721923, -1.9154952302727017], "rotation": [[-0.9614310425736639, 0.1457159868699388, -0.23414629916110274], [-0.2693216431361152, -0.31106402554894036, 0.9119775697592365], [0.06028743471823545, 0.9392806751557704, 0.33845621285691535]], "fy": 538.2885, "fx": 534.776}, {"id": 88, "img_name": "images/00/000120", "width": 512, "height": 512, "position": [-0.07252181156918755, -2.5829133985472437, -1.8017286897365883], "rotation": [[-0.9933276668436885, -0.08618692990307833, 0.07250309980151286], [0.09351283894459166, -0.2808105134566649, 0.9555841354673741], [-0.06196923059003299, 0.9560261299795703, 0.2864004440520867]], "fy": 537.7115, "fx": 537.1405}, {"id": 89, "img_name": "images/01/000120", "width": 512, "height": 512, "position": [-0.7241693218010932, -2.347395721303646, -1.898758210120705], "rotation": [[-0.8325071312565664, -0.3202031253416627, 0.45145256538484146], [0.5352871292222064, -0.25645542537355365, 0.8049301825720371], [-0.14185172908028112, 0.9121517664419279, 0.3843497233131477]], "fy": 539.1425000000002, "fx": 538.125}, {"id": 90, "img_name": "images/02/000120", "width": 512, "height": 512, "position": [-1.2937984366967128, -2.0324550973740183, -1.9376584430139407], "rotation": [[-0.7452516792216405, -0.26132251102153764, 0.6131110471843964], [0.6657854537163236, -0.25777660852907297, 0.7004832849042241], [-0.025165405023390295, 0.9306948776681795, 0.36564106186614304]], "fy": 539.263, "fx": 537.6245000000001}, {"id": 91, "img_name": "images/03/000120", "width": 512, "height": 512, "position": [-1.6850554425252564, -1.5286769607710935, -1.8390892597339488], "rotation": [[-0.6517274320560124, -0.37393415150239256, 0.6599943572561933], [0.7515333831576286, -0.20387683180826002, 0.6272025872034741], [-0.09920610164943243, 0.9048968925974834, 0.4134002464597445]], "fy": 513.9355, "fx": 513.328}, {"id": 92, "img_name": "images/05/000120", "width": 512, "height": 512, "position": [-2.509007215362902, -0.025750038314319094, -1.8316748914018792], "rotation": [[-0.2404230337855132, -0.3246470140440895, 0.9142598571512155], [0.9709312935646548, -0.06510393024153308, 0.23260728351976342], [-0.015918381248505527, 0.943069878146156, 0.3307774650454763]], "fy": 548.4149999999998, "fx": 546.0664999999999}, {"id": 93, "img_name": "images/06/000120", "width": 512, "height": 512, "position": [-2.3374202356376768, 0.8787033406095667, -1.862817382540135], "rotation": [[0.12046150599914375, -0.2858711560909773, 0.9503527535626534], [0.9896588879306936, 0.10775798729240274, -0.09247137979606315], [-0.07608316090415944, 0.9523140616915976, 0.29599558459757735]], "fy": 523.8145, "fx": 522.5855}, {"id": 94, "img_name": "images/07/000120", "width": 512, "height": 512, "position": [-2.2172748283437014, 1.4548083687780493, -1.9240064636006262], "rotation": [[0.49919604453024746, -0.24796477346580117, 0.8306095300721541], [0.8627534266804998, 0.23060612915407852, -0.44978751793175653], [-0.07931208192668822, 0.9409833437566878, 0.32884409413623616]], "fy": 536.7585, "fx": 534.164}, {"id": 95, "img_name": "images/08/000120", "width": 512, "height": 512, "position": [-1.8882886410744193, 2.01335947337078, -1.902374723982317], "rotation": [[0.6387679379327792, -0.2731675595706516, 0.7194054852547512], [0.7688461556732042, 0.19758655816667403, -0.6082775564613012], [0.024358081177499966, 0.9420836389780842, 0.3360556600397699]], "fy": 537.8534999999999, "fx": 535.9995}, {"id": 96, "img_name": "images/09/000120", "width": 512, "height": 512, "position": [-1.4199526472531165, 2.5496485673039033, -1.8567065536897547], "rotation": [[0.6537509086068412, -0.30953652265838444, 0.6905127853192962], [0.7528520999305627, 0.16540043158347215, -0.6372478834497556], [0.0838057533969849, 0.9367015029536623, 0.34103083783994814]], "fy": 548.541, "fx": 546.1924999999999}, {"id": 97, "img_name": "images/10/000120", "width": 512, "height": 512, "position": [-0.8701889721834005, 2.894149834748931, -1.8477689589298931], "rotation": [[0.9374938059479307, -0.0736856163861084, 0.34051486279828963], [0.3449476444617909, 0.34744064647159556, -0.8724496628205278], [-0.05382063207282836, 0.9347437006008387, 0.3507359709580711]], "fy": 547.244, "fx": 543.9945}, {"id": 98, "img_name": "images/11/000120", "width": 512, "height": 512, "position": [0.10020032796869206, 3.156570746972058, -1.9627423861610522], "rotation": [[0.9811978057972819, -0.018741868189421106, 0.19013895305084005], [0.1825181934135194, 0.378737752579177, -0.9074504546613205], [-0.05568955113445707, 0.925536257454143, 0.3755094307800601]], "fy": 555.3395, "fx": 554.596}, {"id": 99, "img_name": "images/12/000120", "width": 512, "height": 512, "position": [0.7562380440124156, 3.070725913627681, -1.9434494635016417], "rotation": [[0.9979413778471954, -0.06357053484546404, 0.007080173319242297], [0.02871875924406316, 0.35095515993814974, -0.9358780927816577], [0.05652036649861577, 0.934485862062575, 0.3521833634748116]], "fy": 543.7945000000001, "fx": 542.203}, {"id": 100, "img_name": "images/13/000120", "width": 512, "height": 512, "position": [1.5200914010811795, 2.818330728569409, -1.9059647824724824], "rotation": [[0.9284991553129839, 0.1187568485604345, -0.35125988528645663], [-0.3703191822650204, 0.2819800602898169, -0.8845324591159993], [-0.005978015652567564, 0.9517516575202629, 0.30685148348625646]], "fy": 535.621, "fx": 533.897}, {"id": 101, "img_name": "images/14/000120", "width": 512, "height": 512, "position": [2.402732650467023, 2.374254606501055, -1.8322830100227645], "rotation": [[0.7395036916496431, 0.22916968287710096, -0.6323655778837407], [-0.6723207030700954, 0.2755784054665856, -0.6862715093523262], [0.017378530181755707, 0.9340412676445511, 0.3582236376383909]], "fy": 546.632, "fx": 545.776}, {"id": 102, "img_name": "images/15/000120", "width": 512, "height": 512, "position": [2.7799241254914793, 1.7455163885147387, -1.8565244104877685], "rotation": [[0.5284762405995087, 0.2098860001352348, -0.822209719240